0 0.5609375 0.778125 0.14296875 0.10546875
0 0.75703125 0.771875 0.25078125 0.16640625
0 0.91328125 0.6703125 0.1734375 0.19765625
0 0.8890625 0.63359375 0.221875 0.16640625
0 0.85703125 0.60859375 0.19765625 0.0890625
0 0.62421875 0.7015625 0.1359375 0.1578125
0 0.728125 0.66953125 0.0875 0.14765625
0 0.53359375 0.67578125 0.17421875 0.178125
0 0.57734375 0.5859375 0.0015625 0.00390625
0 0.659375 0.59296875 0.121875 0.14140625
0 0.36875 0.6625 0.18984375 0.16015625
0 0.290625 0.64921875 0.13984375 0.10859375
0 0.58046875 0.53828125 0.0796875 0.05390625
0 0.6234375 0.50859375 0.05703125 0.0640625
0 0.49375 0.52734375 0.10078125 0.06875
0 0.553125 0.4921875 0.078125 0.0640625