1 0.334375 0.18984375 0.66875 0.37890625
0 0.903125 0.80625 0.19375 0.1765625
0 0.22578125 0.7046875 0.16953125 0.0953125
0 0.10234375 0.80859375 0.2046875 0.10078125
0 0.80625 0.65078125 0.1609375 0.1078125
0 0.63984375 0.58515625 0.159375 0.09765625
0 0.4578125 0.58984375 0.146875 0.06640625
0 0.653125 0.81875 0.29453125 0.1984375
0 0.3453125 0.92421875 0.43203125 0.13203125
0 0.41640625 0.67109375 0.15546875 0.1390625
0 0.34921875 0.79765625 0.25703125 0.13046875
0 0.3671875 0.80078125 0.2 0.10078125
0 0.54453125 0.703125 0.2109375 0.1078125
0 0.58515625 0.69921875 0.13125 0.0625