0 0.4875 0.36796875 0.19921875 0.13984375
0 0.5875 0.36796875 0.109375 0.08203125
0 0.66875 0.36171875 0.17109375 0.11484375
0 0.6234375 0.3 0.178125 0.06953125
0 0.76171875 0.37578125 0.1484375 0.08671875
0 0.7609375 0.3015625 0.175 0.06015625
0 0.765625 0.2578125 0.1484375 0.03671875
0 0.30078125 0.3390625 0.16796875 0.0734375
0 0.2234375 0.30859375 0.15234375 0.08671875
0 0.13125 0.28125 0.13359375 0.12265625
0 0.2625 0.26796875 0.12890625 0.084375
0 0.4140625 0.21796875 0.11484375 0.0671875
0 0.5828125 0.2046875 0.1234375 0.05234375
0 0.65859375 0.19921875 0.08359375 0.0609375
0 0.67890625 0.25078125 0.13515625 0.06328125
0 0.73203125 0.20234375 0.109375 0.0640625
0 0.48203125 0.29921875 0.1671875 0.09765625