0 0.53125 0.41171875 0.30703125 0.08125
0 0.33125 0.37109375 0.17734375 0.1125
0 0.37734375 0.3359375 0.20859375 0.06796875
0 0.61484375 0.36796875 0.175 0.1125
0 0.72890625 0.37265625 0.11171875 0.125
0 0.58984375 0.31328125 0.18828125 0.08046875
0 0.71796875 0.309375 0.13515625 0.08984375
0 0.50546875 0.28125 0.11796875 0.08515625
0 0.63984375 0.26953125 0.1015625 0.06328125
0 0.68515625 0.221875 0.10859375 0.06484375
0 0.56171875 0.21953125 0.1484375 0.071875
0 0.43046875 0.246875 0.1546875 0.06796875
0 0.19296875 0.33828125 0.1796875 0.0953125
0 0.21484375 0.28203125 0.19140625 0.0859375
0 0.07109375 0.346875 0.1421875 0.090625