0 0.31640625 0.51640625 0.2109375 0.10234375
0 0.64375 0.47265625 0.14609375 0.11875
0 0.4015625 0.39921875 0.121875 0.10859375
0 0.87578125 0.55703125 0.2484375 0.08046875
0 0.23515625 0.47421875 0.14453125 0.08671875
0 0.52578125 0.42421875 0.1296875 0.109375
0 0.57265625 0.378125 0.11875 0.0578125
0 0.65859375 0.396875 0.1296875 0.05078125
0 0.75234375 0.41875 0.11875 0.125
0 0.90859375 0.4734375 0.1828125 0.1
0 0.840625 0.4328125 0.11484375 0.071875
0 0.9140625 0.39921875 0.17109375 0.053125
0 0.94921875 0.346875 0.1015625 0.04921875
0 0.79375 0.3375 0.121875 0.05546875