0 0.890625 0.375 0.21875 0.12109375
0 0.5921875 0.41328125 0.24765625 0.13125
0 0.265625 0.43828125 0.3015625 0.1515625
0 0.26015625 0.2265625 0.146875 0.07578125
0 0.5125 0.21171875 0.13203125 0.06484375
0 0.18125 0.3671875 0.1953125 0.11953125
0 0.36015625 0.346875 0.11640625 0.0546875
0 0.72421875 0.2890625 0.15546875 0.084375
0 0.65703125 0.34609375 0.15546875 0.10390625
0 0.48125 0.278125 0.18828125 0.06015625
0 0.47421875 0.3109375 0.1453125 0.06015625
0 0.46171875 0.19296875 0.08203125 0.05546875
0 0.60625 0.2109375 0.09453125 0.0609375
0 0.13046875 0.26953125 0.15703125 0.09375
0 0.6734375 0.20078125 0.07265625 0.053125
1 0.49609375 0.05234375 0.41640625 0.10390625