0 0.46875 0.35859375 0.209375 0.1328125
0 0.67734375 0.36484375 0.19765625 0.1390625
0 0.1140625 0.27421875 0.0984375 0.11015625
0 0.35 0.2046875 0.1453125 0.08203125
0 0.5484375 0.20625 0.128125 0.06796875
0 0.26015625 0.32734375 0.15703125 0.0984375
0 0.65 0.290625 0.1140625 0.06640625
0 0.753125 0.2796875 0.14765625 0.08984375
0 0.7859375 0.3484375 0.13359375 0.11953125
0 0.24296875 0.25625 0.10859375 0.0671875
1 0.52265625 0.040625 0.39296875 0.0796875
0 0.6328125 0.190625 0.0734375 0.07109375
0 0.7015625 0.18125 0.0703125 0.07265625
0 0.74375 0.1515625 0.10703125 0.065625
0 0.4671875 0.28359375 0.18046875 0.06484375
0 0.5 0.278125 0.18046875 0.06875
0 0.54296875 0.1703125 0.0890625 0.04453125