0 0.3109375 0.359375 0.1765625 0.0765625
0 0.25859375 0.33671875 0.14609375 0.071875
0 0.409375 0.31484375 0.12578125 0.078125
0 0.3578125 0.2875 0.0953125 0.084375
0 0.32265625 0.27265625 0.11953125 0.08203125
0 0.16796875 0.2890625 0.121875 0.0921875
0 0.2203125 0.265625 0.13671875 0.08125
0 0.49140625 0.37421875 0.2 0.12109375
0 0.6765625 0.38203125 0.16484375 0.1234375
0 0.80703125 0.3671875 0.15234375 0.1140625
0 0.6875 0.31640625 0.153125 0.08828125
0 0.50859375 0.3078125 0.16015625 0.08203125
0 0.76796875 0.28828125 0.17265625 0.0859375
0 0.83125 0.30234375 0.1515625 0.07421875
0 0.5828125 0.2234375 0.1390625 0.05234375
0 0.67109375 0.27890625 0.11796875 0.0609375
0 0.32109375 0.21953125 0.096875 0.053125
0 0.646875 0.19609375 0.1 0.059375