0 0.5609375 0.20390625 0.11875 0.04453125
0 0.68046875 0.19921875 0.11484375 0.0484375
0 0.334375 0.2046875 0.13984375 0.06015625
0 0.12578125 0.2640625 0.09296875 0.0953125
0 0.26171875 0.25859375 0.10546875 0.06640625
0 0.2875 0.3375 0.1625 0.07578125
0 0.484375 0.28125 0.1796875 0.0703125
0 0.48671875 0.35859375 0.20625 0.1328125
0 0.671875 0.3703125 0.1640625 0.11875
0 0.66171875 0.2890625 0.146875 0.05546875
0 0.7953125 0.35078125 0.15703125 0.11328125
0 0.7609375 0.2609375 0.1375 0.06796875
0 0.64375 0.26015625 0.1125 0.05546875