0 0.2546875 0.4515625 0.30625 0.15234375
0 0.58046875 0.4203125 0.253125 0.1421875
0 0.878125 0.38359375 0.24375 0.13046875
0 0.44609375 0.25390625 0.1015625 0.07265625
0 0.5078125 0.2203125 0.071875 0.06484375
0 0.58515625 0.221875 0.084375 0.0609375
0 0.66484375 0.21328125 0.06953125 0.05703125
0 0.1265625 0.41171875 0.14296875 0.13515625
0 0.24140625 0.2296875 0.13125 0.0625
0 0.10234375 0.2984375 0.13671875 0.1
0 0.70703125 0.30859375 0.13671875 0.09609375
0 0.6078125 0.3359375 0.1234375 0.08046875
0 0.46640625 0.31796875 0.14921875 0.05859375
0 0.2578125 0.3265625 0.1765625 0.1
1 0.4703125 0.0609375 0.384375 0.121875