0 0.2625 0.453125 0.1234375 0.11796875
0 0.834375 0.44609375 0.21875 0.1109375
0 0.53359375 0.45625 0.14296875 0.1265625
0 0.14296875 0.43984375 0.125 0.09765625
0 0.42734375 0.4109375 0.14453125 0.10546875
0 0.68359375 0.36328125 0.1203125 0.10859375
0 0.94453125 0.37421875 0.1109375 0.05703125
0 0.8140625 0.378125 0.17109375 0.05703125
1 0.721875 0.13359375 0.3453125 0.26640625
0 0.4515625 0.35625 0.10625 0.0515625
0 0.76796875 0.53203125 0.26875 0.078125
0 0.2953125 0.36796875 0.096875 0.071875
0 0.6515625 0.421875 0.11640625 0.04609375
0 0.703125 0.30625 0.1375 0.05390625
0 0.83671875 0.3234375 0.10390625 0.0421875
0 0.94453125 0.31875 0.08828125 0.04296875