0 0.328125 0.478125 0.2234375 0.09609375
0 0.25546875 0.4375 0.13984375 0.08671875
0 0.89140625 0.51796875 0.21640625 0.08046875
0 0.65390625 0.43203125 0.1390625 0.11484375
0 0.54453125 0.3875 0.11875 0.0921875
0 0.4328125 0.35625 0.11171875 0.11640625
0 0.59375 0.3515625 0.14140625 0.11015625
0 0.66953125 0.365625 0.1109375 0.08671875
0 0.77109375 0.3765625 0.11953125 0.12734375
0 0.834375 0.28359375 0.15078125 0.0640625
0 0.9171875 0.4328125 0.1640625 0.09765625
0 0.89921875 0.39765625 0.1953125 0.0828125
0 0.91953125 0.35859375 0.1609375 0.06640625