0 0.57890625 0.54140625 0.2390625 0.09296875
0 0.659375 0.45703125 0.221875 0.07421875
0 0.83046875 0.4328125 0.13515625 0.08671875
0 0.609375 0.41953125 0.17421875 0.05703125
0 0.36484375 0.4828125 0.15546875 0.115625
0 0.23359375 0.48046875 0.17421875 0.09375
0 0.30078125 0.39765625 0.1015625 0.06875
0 0.5140625 0.39140625 0.12421875 0.08203125
0 0.53984375 0.34921875 0.1296875 0.06796875
0 0.14765625 0.396875 0.11875 0.0671875
0 0.72265625 0.32578125 0.08203125 0.06015625
1 0.54375 0.1515625 0.371875 0.2875
0 0.10390625 0.459375 0.134375 0.07734375