0 0.9234375 0.3859375 0.153125 0.13203125
0 0.66015625 0.4125 0.24453125 0.1359375
0 0.7203125 0.36640625 0.20703125 0.13828125
0 0.59296875 0.390625 0.21171875 0.07578125
0 0.52421875 0.34921875 0.19375 0.11484375
0 0.3328125 0.44453125 0.303125 0.1578125
0 0.29609375 0.3390625 0.1609375 0.09453125
0 0.52421875 0.28515625 0.1984375 0.0875
0 0.6296875 0.321875 0.1546875 0.10078125
0 0.778125 0.31015625 0.1828125 0.1078125
0 0.6859375 0.28515625 0.14453125 0.05625
0 0.3125 0.303125 0.15859375 0.084375
0 0.221875 0.2828125 0.2125 0.1125
0 0.31953125 0.23671875 0.125 0.0859375
0 0.56875 0.21875 0.1359375 0.07578125
0 0.66875 0.2171875 0.07109375 0.0796875
0 0.72578125 0.20390625 0.103125 0.05546875