0 0.56875 0.40390625 0.30703125 0.07890625
0 0.64453125 0.3578125 0.20625 0.11640625
0 0.75625 0.3625 0.14296875 0.1171875
0 0.62578125 0.30546875 0.18671875 0.0921875
0 0.36796875 0.365625 0.15625 0.11875
0 0.47734375 0.33515625 0.1984375 0.12109375
0 0.2390625 0.33046875 0.15390625 0.09453125
0 0.1125 0.340625 0.16484375 0.0921875
0 0.12109375 0.38671875 0.00234375 0.00546875
0 0.33828125 0.2921875 0.128125 0.06640625
0 0.10546875 0.28203125 0.1203125 0.07578125
0 0.66796875 0.26953125 0.1140625 0.06796875
0 0.72578125 0.21875 0.09609375 0.059375
0 0.48671875 0.265625 0.10234375 0.06328125
0 0.57109375 0.215625 0.10546875 0.0734375
0 0.47734375 0.24296875 0.090625 0.05390625
0 0.42890625 0.2359375 0.1296875 0.06171875
0 0.26640625 0.27578125 0.1453125 0.0625