0 0.64453125 0.29296875 0.08203125 0.06015625
0 0.446875 0.3078125 0.128125 0.05390625
0 0.2171875 0.3578125 0.121875 0.0546875
0 0.44921875 0.35390625 0.1234375 0.08125
0 0.1453125 0.44609375 0.16640625 0.10234375
0 0.3046875 0.44765625 0.15859375 0.1140625
0 0.46484375 0.49765625 0.234375 0.09453125
0 0.609375 0.4484375 0.246875 0.12421875
0 0.57578125 0.3609375 0.13203125 0.06171875
0 0.734375 0.39921875 0.2625 0.08046875
0 0.41796875 0.41171875 0.0984375 0.06015625
0 0.6921875 0.3640625 0.0953125 0.06015625