0 0.3109375 0.50234375 0.184375 0.1109375
0 0.62578125 0.46484375 0.146875 0.13046875
0 0.90390625 0.459375 0.1921875 0.1
0 0.39140625 0.3875 0.103125 0.1140625
0 0.21484375 0.46484375 0.1203125 0.0859375
0 0.5203125 0.41015625 0.12109375 0.11484375
0 0.56953125 0.365625 0.15625 0.0578125
0 0.7953125 0.3703125 0.08984375 0.08359375
0 0.88203125 0.403125 0.16796875 0.0765625
1 0.828125 0.1359375 0.34375 0.271875
0 0.6640625 0.40234375 0.1546875 0.071875
0 0.7515625 0.42578125 0.0890625 0.0453125
0 0.79375 0.31171875 0.13671875 0.05390625
0 0.940625 0.33046875 0.0984375 0.0453125
0 0.871875 0.54296875 0.25625 0.0828125